Система имеет единственное решение:
x1 = 0.999999
x2 = 1.000000
x3 = 1.000000
x4 = 1.000000
x5 = 1.000000
x6 = 1.000000
